Calling function
Working
40 100 0 35
50 100 0 25
15 85 0 10
18 85 0 15
80 85 0 20
40 100 0 20
75 100 1 15
75 100 5 15
75 100 3 15
40 100 0 35
55 100 0 30
0 30 0 5
80 100 0 10
0 0 0 20
50 95 0 30
40 100 0 35
35 100 9 35
0 0 0 20
70 95 9 15
15 85 0 20
80 75 0 20
35 100 4 25
65 100 0 20
30 100 6 30
120 75 0 5
70 95 6 10
60 85 6 15
0 100 0 15
70 100 0 15
65 100 0 25
15 85 0 20
0 30 0 5
50 100 0 35
85 100 0 15
15 90 0 20
90 85 0 20
90 100 0 10
100 100 0 15
0 100 0 30
15 100 7 35
25 100 11 20
14 95 11 20
0 100 0 30
60 100 0 25
0 100 0 40
0 0 0 20
0 55 0 15
0 55 0 20
0 90 0 20
0 100 0 20
40 100 7 30
40 100 1 25
90 100 1 15
0 0 5 30
40 100 2 25
110 80 2 5
90 100 2 15
90 100 5 10
110 70 5 5
65 100 10 20
65 100 2 20
65 100 5 20
150 90 0 5
35 100 9 35
80 100 9 20
80 80 6 20
50 100 6 20
0 100 6 20
0 100 6 20
80 100 0 15
20 100 4 25
40 100 4 15
0 90 4 10
0 0 0 20
55 95 4 25
120 100 4 10
0 75 7 35
0 75 4 30
0 75 4 15
70 100 4 10
0 95 11 40
0 100 0 10
15 85 1 15
40 100 3 30
90 100 3 15
0 100 3 20
120 70 3 10
50 90 12 15
100 100 8 10
0 30 8 5
100 100 8 10
0 90 7 10
50 100 10 25
90 100 10 10
0 60 10 20
0 0 10 40
0 0 10 30
40 100 0 30
20 100 0 20
0 0 10 20
0 100 13 15
0 0 0 10
0 85 0 40
0 0 0 15
0 0 0 10
0 0 0 30
0 0 0 10
0 100 0 20
0 100 13 10
0 0 2 40
0 0 0 40
0 0 10 20
0 0 10 30
0 0 5 30
0 0 10 20
0 0 0 30
0 0 0 10
0 0 0 10
0 0 9 20
130 100 0 5
100 75 0 10
20 100 13 30
20 70 7 20
65 100 7 20
65 85 8 20
120 85 1 5
80 100 2 15
35 85 2 15
60 0 0 20
100 100 0 10
20 100 0 15
10 100 0 35
0 0 10 20
0 80 10 15
0 0 0 10
85 90 6 10
0 100 0 30
100 100 10 15
0 90 7 40
15 85 0 20
20 100 11 15
0 75 0 10
140 90 9 5
0 0 0 10
40 100 2 30
70 100 0 10
0 100 4 15
0 100 0 20
0 100 10 15
0 0 0 40
0 0 7 20
90 90 2 10
170 100 0 5
18 80 0 15
50 90 8 10
0 0 10 10
75 90 12 10
80 90 0 15
0 0 0 30
0 0 0 30
80 100 0 10
0 90 0 10
70 100 0 20
0 0 0 10
50  0 0
Complete
